7775611111151115111111151
7577751115115111155151555
7777755115115155111151111
7757566666655151111151115
5777777777775111111511151
5777575777756666556566511
6777775777777777777777566
5755777775777777577757777
5556775775575777777775775
5115775777777775777756777
1156775577755777777775777
5156777755755775777777755
1116775777777777777757515
1116777775557775777515111
1151555751167777777565665
5551116755557757577777777
1151115511567777777777557
1115111111167575577777777
1115151115167777577577777
1115511511567577777575777
1111111515167575775677777
1111111151515675777557777
1111551511111577775667577
1115111151111677777777577
1111111111111677775755577
